#MN908947.3 0
0 38
0 45
0 52
0 53
0 44
0 52
0 46
0 46
0 50
0 45
0 32
0 39
0 44
0 37
0 47
0 46
0 32
0 33
0 40
0 39
0 41
0 40
0 38
0 34
0 40
0 41
0 39
0 41
0 42
0 37
0 38
0 40
0 39
0 30
0 41
0 39
0 36
0 38
0 32
0 33
0 35
0 39
0 44
0 33
0 35
0 36
0 41
0 36
0 35
0 36
0 38
0 38
0 34
0 41
0 34
0 42
0 40
0 34
0 35
0 31
0 31
0 37
0 33
0 42
0 38
0 33
0 36
0 29
0 32
0 25
0 38
0 34
0 35
0 31
0 32
0 36
0 33
0 38
0 31
0 37
0 34
0 40
0 32
0 43
0 33
0 30
0 32
0 42
0 45
0 37
0 35
0 41
0 40
0 35
0 38
0 31
0 31
0 32
0 32
0 41
0 42
0 42
0 35
0 37
0 41
0 35
0 43
0 37
0 37
0 36
0 33
0 36
0 37
0 39
0 34
0 36
0 34
0 36
0 41
0 36
0 43
0 40
0 41
0 40
0 37
0 34
0 35
0 47
0 42
0 32
0 43
0 41
0 43
0 40
0 49
0 40
0 33
0 36
0 34
0 36
0 37
0 39
0 35
0 35
0 40
0 39
0 35
0 39
0 34
0 34
0 34
0 42
0 37
0 41
0 44
0 35
0 34
0 38
0 34
0 43
0 35
0 35
0 44
0 37
0 36
0 32
0 41
0 39
0 34
0 40
0 39
0 47
0 30
0 35
0 47
0 43
0 31
0 41
0 41
0 32
0 37
0 42
0 36
0 45
0 37
0 37
0 43
0 37
0 43
0 38
0 39
0 34
0 39
0 31
0 38
0 37
0 35
0 31
0 42
0 38
0 38
0 33
0 29
0 37
0 34
0 25
0 39
0 31
0 36
0 42
0 33
0 36
0 39
0 34
0 30
0 30
0 39
0 39
0 35
0 32
0 35
0 26
0 39
0 38
0 39
0 35
0 36
0 37
0 33
0 35
0 36
0 32
0 45
0 38
0 40
0 43
0 45
0 35
0 37
0 29
0 39
0 43
0 40
0 37
0 33
0 39
0 40
0 45
0 39
0 35
0 33
0 37
0 42
0 39
0 41
0 45
0 45
0 36
0 31
0 39
0 36
0 43
0 41
0 42
0 29
0 38
0 35
0 42
0 47
0 49
0 45
0 40
0 30
0 27
0 38
0 41
0 39
0 33
0 32
0 37
0 37
0 37
0 34
0 56
0 46
0 45
0 49
0 48
0 52
0 49
0 46
0 46
0 52
0 36
0 42
0 44
0 33
0 53
0 23
